listing_id,high,medium,low
7170325,0.5202306461466223,0.30551572617022915,0.1742536276831486
7092344,0.19620221549641712,0.31183792899209184,0.49195985551149113
7158677,0.20000966663130293,0.31538253942858957,0.4846077939401074
7211212,0.25261402104097974,0.39138064586350074,0.35600533309551946
7225292,0.3192926455742288,0.4061899015821066,0.2745174528436646
7226687,0.03846156804736004,0.1923078402368002,0.7692305917158399
7126989,0.03846156804736004,0.1923078402368002,0.7692305917158399
7114138,0.649303456752991,0.242646777040669,0.10804976620634003
7131094,0.5090842739200157,0.31236868536093976,0.17854704071904454
7224815,0.03846156804736004,0.1923078402368002,0.7692305917158399
7107333,0.32264901304169685,0.4048550001762982,0.2724959867820048
7088993,0.2377073735787326,0.37365401725210384,0.3886386091691635
7216312,0.5202306461466223,0.30551572617022915,0.1742536276831486
7140668,0.332105362102197,0.40050467102757137,0.26738996687023153
7141160,0.13992656367302753,0.25627746934313206,0.6037959669838404
7753784,0.23246564547144535,0.3638105553919554,0.4037237991365993
7140840,0.19643901663105112,0.3117671378426676,0.4917938455262813
7172046,0.17958701044964012,0.30361386415127006,0.5167991253990898
7168225,0.22063808507844473,0.3490202185918889,0.43034169632966646
7213185,0.42187896011682857,0.29708186614309307,0.2810391737400783
7206465,0.5755192317099228,0.28100275348677156,0.14347801480330571
7134612,0.03846156804736004,0.1923078402368002,0.7692305917158399
7156935,0.15725523190901172,0.28513024087347116,0.557614527217517
7096161,0.20067658307254835,0.31914503464946303,0.4801783822779886
7131812,0.3516085652738051,0.39108326427938,0.257308170446815
7185840,0.1349952693170331,0.258052881256918,0.606951849426049
7114220,0.1391943148201194,0.25667606836151174,0.6041296168183689
7231209,0.21308469311564235,0.3373571540697161,0.44955815281464157
7229242,0.5351868784611687,0.2977725039514725,0.16704061758735883
7089887,0.20047661906084066,0.31902009178683316,0.48050328915232626
7217009,0.18834691789158525,0.3101086128223394,0.5015444692860753
7167986,0.1313722496368919,0.20451089944747158,0.6641168509156367
7126940,0.22654409595665914,0.2400274804677881,0.5334284235755526
7159596,0.2791043705229464,0.41466734853457854,0.306228280942475
7111210,0.5680295137716451,0.2840004859714185,0.14797000025693624
7152345,0.4912009741009213,0.32120820529191374,0.1875908206071649
7204899,0.2838771714039123,0.42005962810803993,0.29606320048804774
7230245,0.03846156804736004,0.1923078402368002,0.7692305917158399
7211226,0.2439831361865964,0.38334758617257025,0.3726692776408333
7195563,0.1960213433139501,0.31269981684794096,0.49127883983810894
7181313,0.5202306461466223,0.30551572617022915,0.1742536276831486
7206858,0.1951739105991703,0.31197538407043773,0.49285070533039205
7126878,0.3192926455742288,0.4061899015821066,0.2745174528436646
7174518,0.28997755223896127,0.36820376804716376,0.34181867971387503
7209804,0.2673903035963431,0.4019369428314737,0.3306727535721832
7119598,0.1790352773585344,0.30484868535611204,0.5161160372853535
7133917,0.1959443902560876,0.31327991845270575,0.4907756912912068
7174224,0.18678097312965056,0.30826191138648895,0.5049571154838605
7157060,0.1576479776890255,0.28234422251996627,0.5600077997910082
7173006,0.46985347195950355,0.22675557520037454,0.3033909528401218
7216314,0.03846156804736004,0.1923078402368002,0.7692305917158399
7219476,0.19750308366175792,0.3113620384704614,0.49113487786778054
7139119,0.22486937882958502,0.2950546726583689,0.48007594851204605
7206653,0.1789100500532379,0.3069011514042768,0.5141887985424852
7091061,0.579581822269368,0.2795701619632725,0.14084801576735953
7097027,0.2634480602198309,0.3987683153610304,0.33778362441913873
7106145,0.2936310550086944,0.41837560575140553,0.2879933392399001
7167352,0.2377073735787326,0.37365401725210384,0.3886386091691635
7168370,0.28997755223896127,0.36820376804716376,0.34181867971387503
7097907,0.6080257779971913,0.26829472535674753,0.12367949664606127
7231268,0.47438540818127906,0.249319761920183,0.2762948298985379
7136953,0.25977905771839405,0.34672102406093724,0.3934999182206688
7163499,0.1963372889955137,0.31280133029220886,0.4908613807122776
7205089,0.5680295137716451,0.2840004859714185,0.14797000025693624
7215442,0.19705811569940807,0.31281665064763164,0.49012523365296035
7221305,0.4330666036403779,0.355514290270249,0.211419106089373
7218351,0.2729320947346691,0.40643120080341416,0.3206367044619167
7148695,0.22063808507844473,0.3490202185918889,0.43034169632966646
7134031,0.4554008918280843,0.3426592967906975,0.20193981138121814
7194919,0.2005677290107463,0.31889259926115393,0.4805396717280998
7198551,0.13272952170287478,0.257904768738416,0.6093657095587093
7090836,0.23505699337589991,0.36906040156794845,0.3958826050561515
7129585,0.2439831361865964,0.38334758617257025,0.3726692776408333
7107617,0.6071745775139389,0.26852060810228956,0.12430481438377156
7232120,0.3192926455742288,0.4061899015821066,0.2745174528436646
7158471,0.20889387436488954,0.32982907584891197,0.46127704978619843
7117491,0.17816791784963534,0.2915320563894588,0.5303000257609058
7194997,0.19795633467354118,0.3138885770953721,0.4881550882310867
7184842,0.47339603011854536,0.2416475949660678,0.28495637491538683
7111019,0.1759285662791288,0.29120427871468557,0.5328671550061856
7149858,0.03846156804736004,0.1923078402368002,0.7692305917158399
7141788,0.22063808507844473,0.3490202185918889,0.43034169632966646
7134172,0.2279400756838248,0.3572625919963147,0.41479733231986043
7233228,0.3414317836493603,0.3962557136202483,0.26231250273039153
7166956,0.18834691789158525,0.3101086128223394,0.5015444692860753
7134741,0.3874394714574288,0.3759375626876406,0.23662296585493045
7148587,0.4112551982869181,0.30771203078477904,0.28103277092830287
7114391,0.42825020311565776,0.35760405856900934,0.2141457383153328
7210245,0.19781671929114955,0.3132964351388622,0.48888684556998824
7200221,0.4554008918280843,0.3426592967906975,0.20193981138121814
7176451,0.19636478897595355,0.31209255370286754,0.49154265732117897
7112578,0.03846156804736004,0.1923078402368002,0.7692305917158399
7169964,0.5837048847248663,0.27821520795363414,0.13807990732149963
7129699,0.2838771714039123,0.42005962810803993,0.29606320048804774
7192613,0.19710897922482742,0.312966051424973,0.4899249693501996
7137236,0.24489721229222552,0.3858330854596997,0.3692697022480748
7129545,0.3192926455742288,0.4061899015821066,0.2745174528436646
7167474,0.6735945496090152,0.22642476998136704,0.09998068040961779
7187520,0.19976398157674694,0.3158505350925381,0.48438548333071496
7219030,0.37440713523820424,0.3809956119046573,0.24459725285713846
7194762,0.19705175516106288,0.3130117976517606,0.4899364471871765
7223079,0.22063808507844473,0.3490202185918889,0.43034169632966646
7197337,0.14239057319336315,0.2581004245198996,0.5995090022867372
7103559,0.03846156804736004,0.1923078402368002,0.7692305917158399
7112266,0.3989628292355853,0.3705760261756126,0.2304611445888021
7172018,0.3516085652738051,0.39108326427938,0.257308170446815
7161834,0.4478771906933614,0.2810070302745808,0.2711157790320579
7135375,0.2756696132122196,0.4113553183031906,0.31297506848458984
7129249,0.19501666644303642,0.2626469617409085,0.542336371816055
7125143,0.25261402104097974,0.39138064586350074,0.35600533309551946
7151407,0.6588675366630937,0.23597180304223933,0.10516066029466703
7223550,0.18107131293715176,0.3083236377355245,0.5106050493273239
7223021,0.5946942452533761,0.2741550756118319,0.13115067913479198
7174183,0.17527215299669735,0.2908067031089655,0.5339211438943372
7202273,0.3192926455742288,0.4061899015821066,0.2745174528436646
7161696,0.3989628292355853,0.3705760261756126,0.2304611445888021
7225795,0.1795976087960107,0.307879928240545,0.5125224629634444
7095668,0.1485583910512668,0.2720867825874071,0.5793548263613261
7234386,0.24491784059460933,0.3848179133358994,0.3702642460694912
7230215,0.6441981200795778,0.24601090410729795,0.10979097581312425
7127331,0.1349952693170331,0.258052881256918,0.606951849426049
7167945,0.19795633467354118,0.3138885770953721,0.4881550882310867
7190799,0.25261402104097974,0.39138064586350074,0.35600533309551946
7120422,0.28274831207733214,0.36978595593679753,0.3474657319858704
7220083,0.2729320947346691,0.40643120080341416,0.3206367044619167
7103388,0.4728306110479687,0.23008317193674815,0.29708621701528315
7163634,0.03846156804736004,0.1923078402368002,0.7692305917158399
7124748,0.2377073735787326,0.37365401725210384,0.3886386091691635
7220833,0.19993381004155436,0.3174648586141591,0.4826013313442866
7214952,0.03846156804736004,0.1923078402368002,0.7692305917158399
7116891,0.3083611104753132,0.41215492489989414,0.2794839646247925
7137270,0.22776027491733924,0.23841011340898005,0.5338296116736807
7137935,0.18107131293715176,0.3083236377355245,0.5106050493273239
7150092,0.5202306461466223,0.30551572617022915,0.1742536276831486
7144140,0.2791043705229464,0.41466734853457854,0.306228280942475
7100389,0.49807403914656173,0.2370241601537708,0.26490180069966757
7221077,0.19993381004155436,0.3174648586141591,0.4826013313442866
7219078,0.23246564547144535,0.3638105553919554,0.4037237991365993
7095541,0.03846156804736004,0.1923078402368002,0.7692305917158399
7203328,0.5755192317099228,0.28100275348677156,0.14347801480330571
7087981,0.2729320947346691,0.40643120080341416,0.3206367044619167
7229492,0.25261402104097974,0.39138064586350074,0.35600533309551946
7206615,0.03846156804736004,0.1923078402368002,0.7692305917158399
7120758,0.03846156804736004,0.1923078402368002,0.7692305917158399
7107623,0.23246564547144535,0.3638105553919554,0.4037237991365993
7136685,0.19664907293880324,0.311961108151243,0.4913898189099537
7146873,0.5276456759814027,0.3015966447555301,0.17075767926306726
7173496,0.16838924015545476,0.290649342494893,0.5409614173496523
7223131,0.3989628292355853,0.3705760261756126,0.2304611445888021
7126261,0.6588675366630937,0.23597180304223933,0.10516066029466703
7153662,0.3989628292355853,0.3705760261756126,0.2304611445888021
7096174,0.244883287627127,0.38528738529013196,0.369829327082741
7169773,0.38117701648549324,0.3217065820413939,0.29711640147311286
7166336,0.3989628292355853,0.3705760261756126,0.2304611445888021
7214496,0.18702195826598733,0.3096665543862805,0.5033114873477322
7132195,0.15264787886279066,0.27630465373754687,0.5710474673996625
7105198,0.03846156804736004,0.1923078402368002,0.7692305917158399
7105648,0.24204368859507347,0.32078158444292737,0.4371747269619991
7112992,0.19620221549641712,0.31183792899209184,0.49195985551149113
7192198,0.23111817878093927,0.36115408412460887,0.4077277370944518
7105389,0.2936310550086944,0.41837560575140553,0.2879933392399001
7120917,0.4142775047604001,0.36374258516421537,0.2219799100753846
7136806,0.5680295137716451,0.2840004859714185,0.14797000025693624
7109319,0.14695775290566954,0.2641825638121962,0.5888596832821342
7115282,0.18834691789158525,0.3101086128223394,0.5015444692860753
7146676,0.37964777522990517,0.37893974690510196,0.2414124778649927
7215893,0.23424677501141114,0.3662658496370361,0.39948737535155276
7165629,0.3169129143931106,0.4072742656978423,0.2758128199090471
7219540,0.2666493775418078,0.40163521122113094,0.3317154112370613
7136465,0.5680295137716451,0.2840004859714185,0.14797000025693624
7232225,0.3423346528303815,0.34049119849865644,0.31717414867096205
7105202,0.03846156804736004,0.1923078402368002,0.7692305917158399
7126430,0.15675416216789453,0.2853748679397601,0.5578709698923455
7111867,0.20359399337335887,0.32275392335133296,0.4736520832753081
7146798,0.17715579809285426,0.29113684879256085,0.5317073531145848
7092134,0.4539996364288726,0.27433840333755904,0.2716619602335684
7156595,0.03846156804736004,0.1923078402368002,0.7692305917158399
7230524,0.24489721229222552,0.3858330854596997,0.3692697022480748
7096089,0.3858420901964775,0.31951013094450426,0.29464777885901816
7204276,0.2791043705229464,0.41466734853457854,0.306228280942475
7187503,0.19881320310680328,0.312779823829292,0.4884069730639047
7157119,0.20081754716472058,0.3188835115236885,0.480298941311591
7205310,0.20048510480948686,0.3152091231541727,0.4843057720363404
7116785,0.42143950839474453,0.3604016451799745,0.21815884642528088
7220345,0.2554631631145947,0.3581980641848525,0.3863387727005527
7213335,0.22063808507844473,0.3490202185918889,0.43034169632966646
7226774,0.19622039402013436,0.3128228409513086,0.4909567650285572
7139673,0.19705811569940807,0.31281665064763164,0.49012523365296035
7158994,0.1349952693170331,0.258052881256918,0.606951849426049
7233238,0.03846156804736004,0.1923078402368002,0.7692305917158399
7139917,0.6388695797852454,0.24970036779443708,0.11143005242031748
7141300,0.4580033165799389,0.27026916937053447,0.27172751404952655
7145411,0.03846156804736004,0.1923078402368002,0.7692305917158399
7207430,0.6885787378080633,0.2171504533074699,0.09427080888446679
7125901,0.42825020311565776,0.35760405856900934,0.2141457383153328
7148635,0.2936310550086944,0.41837560575140553,0.2879933392399001
7190493,0.23113240130003274,0.3615048748968251,0.4073627238031423
7183609,0.5351868784611687,0.2977725039514725,0.16704061758735883
7105489,0.1790352773585344,0.30484868535611204,0.5161160372853535
7199702,0.18834691789158525,0.3101086128223394,0.5015444692860753
7232177,0.03846156804736004,0.1923078402368002,0.7692305917158399
7699396,0.6359339379530232,0.251003611123806,0.11306245092317072
7187542,0.18834691789158525,0.3101086128223394,0.5015444692860753
7203495,0.19759788005363133,0.31283850465080487,0.4895636152955639
7154804,0.2377073735787326,0.37365401725210384,0.3886386091691635
7213096,0.6115359423705282,0.2671622956034526,0.12130176202601911
7229112,0.03846156804736004,0.1923078402368002,0.7692305917158399
7195985,0.332105362102197,0.40050467102757137,0.26738996687023153
7128989,0.6441981200795778,0.24601090410729795,0.10979097581312425
7201340,0.6588675366630937,0.23597180304223933,0.10516066029466703
7160416,0.45993237256015934,0.26673662508852514,0.2733310023513155
7145487,0.19612760218954026,0.31298574712539706,0.4908866506850628
7132045,0.36588243207862375,0.38414302059543093,0.24997454732594537
7127946,0.20889387436488954,0.32982907584891197,0.46127704978619843
7164531,0.3088055703584799,0.35819663641558613,0.33299779322593404
7221942,0.2791043705229464,0.41466734853457854,0.306228280942475
7192439,0.554015816185374,0.28903707664359496,0.15694710717103108
7140922,0.1576479776890255,0.28234422251996627,0.5600077997910082
7181426,0.5946942452533761,0.2741550756118319,0.13115067913479198
7088015,0.03846156804736004,0.1923078402368002,0.7692305917158399
7162106,0.1993964119981832,0.31601941834199815,0.4845841696598186
7138311,0.22063808507844473,0.3490202185918889,0.43034169632966646
7188806,0.4142775047604001,0.36374258516421537,0.2219799100753846
7164370,0.2005677290107463,0.31889259926115393,0.4805396717280998
7162259,0.25261402104097974,0.39138064586350074,0.35600533309551946
7131606,0.21308469311564235,0.3373571540697161,0.44955815281464157
7204441,0.47206251771870494,0.25132687345678495,0.27661060882451005
7189092,0.5289328455216971,0.30100924868414874,0.17005790579415414
7119739,0.5680295137716451,0.2840004859714185,0.14797000025693624
7099579,0.37964777522990517,0.37893974690510196,0.2414124778649927
7164940,0.2729320947346691,0.40643120080341416,0.3206367044619167
7091677,0.03846156804736004,0.1923078402368002,0.7692305917158399
7159173,0.2729320947346691,0.40643120080341416,0.3206367044619167
7144584,0.19821768246545976,0.31183401066732197,0.48994830686721824
7170465,0.279473958587843,0.22396284934828578,0.4965631920638711
7145105,0.3516085652738051,0.39108326427938,0.257308170446815
7174989,0.17907599806139385,0.3064739407843427,0.5144500611542635
7187660,0.14809335220772932,0.2714529168888596,0.580453730903411
7101204,0.3989628292355853,0.3705760261756126,0.2304611445888021
7174250,0.4112551982869181,0.30771203078477904,0.28103277092830287
7206561,0.5202306461466223,0.30551572617022915,0.1742536276831486
7168239,0.22704944637538757,0.25733651901660953,0.5156140346080029
7115466,0.2634480602198309,0.3987683153610304,0.33778362441913873
7150492,0.42825020311565776,0.35760405856900934,0.2141457383153328
7200687,0.3989628292355853,0.3705760261756126,0.2304611445888021
7118336,0.36588243207862375,0.38414302059543093,0.24997454732594537
7113766,0.1795976087960107,0.307879928240545,0.5125224629634444
7234398,0.3520061769352414,0.33617598596619763,0.3118178370985611
7219996,0.18182456779545514,0.3010735312453627,0.5171019009591823
7166766,0.37426939386257635,0.3810205514594339,0.24471005467798979
7168961,0.6516177159721507,0.24155565182749728,0.10682663220035206
7091303,0.19637537871291494,0.3128107066049983,0.49081391468208674
7113377,0.25261402104097974,0.39138064586350074,0.35600533309551946
7116917,0.5276456759814027,0.3015966447555301,0.17075767926306726
7157778,0.2936310550086944,0.41837560575140553,0.2879933392399001
7143672,0.14571764079781152,0.26327720623281464,0.591005152969374
7185468,0.19821768246545976,0.31183401066732197,0.48994830686721824
7209367,0.6014855613389354,0.27117515780207185,0.12733928085899276
7131313,0.24489721229222552,0.3858330854596997,0.3692697022480748
7090615,0.26864767741226214,0.4029496163517908,0.32840270623594703
7119653,0.4112551982869181,0.30771203078477904,0.28103277092830287
7214357,0.03846156804736004,0.1923078402368002,0.7692305917158399
7190958,0.03846156804736004,0.1923078402368002,0.7692305917158399
7185090,0.1488399772999298,0.2719967284026892,0.5791632942973811
7106402,0.18611481652528902,0.3097489346415384,0.5041362488331724
7091710,0.15865471427756103,0.28575899248699776,0.5555862932354414
7229732,0.03846156804736004,0.1923078402368002,0.7692305917158399
7191894,0.47047303156972564,0.21656582150194145,0.3129611469283328
7110757,0.2936310550086944,0.41837560575140553,0.2879933392399001
7099217,0.5755192317099228,0.28100275348677156,0.14347801480330571
7225712,0.19821768246545976,0.31183401066732197,0.48994830686721824
7168382,0.37964777522990517,0.37893974690510196,0.2414124778649927
7233700,0.3516085652738051,0.39108326427938,0.257308170446815
7194838,0.7140745192175111,0.20077685063305473,0.08514863014943416
7087718,0.25261402104097974,0.39138064586350074,0.35600533309551946
7176108,0.7043381619833313,0.2075086734490685,0.08815316456760013
7208072,0.2377073735787326,0.37365401725210384,0.3886386091691635
7223233,0.3225987178743117,0.3510346499367343,0.32636663218895395
7142533,0.6209314633221265,0.26306034468302764,0.11600819199484587
7102561,0.38584664508027794,0.3763707672186093,0.23778258770111282
7151758,0.3516085652738051,0.39108326427938,0.257308170446815
7155462,0.5351868784611687,0.2977725039514725,0.16704061758735883
7192662,0.20000966663130293,0.31538253942858957,0.4846077939401074
7158810,0.16599469438711859,0.28825356521021406,0.5457517404026673
7170591,0.6885787378080633,0.2171504533074699,0.09427080888446679
7300648,0.7140745192175111,0.20077685063305473,0.08514863014943416
7147363,0.1313722496368919,0.20451089944747158,0.6641168509156367
7099751,0.5457643540922522,0.29303232011636127,0.16120332579138658
7210590,0.1390921920654205,0.2564476347156325,0.6044601732189471
7153703,0.5946942452533761,0.2741550756118319,0.13115067913479198
7204272,0.6767033194695765,0.2251710100161103,0.09812567051431312
7121308,0.2878054354226633,0.42071595079559443,0.2914786137817423
7168526,0.5457643540922522,0.29303232011636127,0.16120332579138658
7114682,0.22336458816769197,0.28992122343749377,0.48671418839481423
7223738,0.18656194598686418,0.30913349434091186,0.5043045596722241
7134558,0.4554008918280843,0.3426592967906975,0.20193981138121814
7226520,0.20081754716472058,0.3188835115236885,0.480298941311591
7112715,0.19618073064904376,0.3126642960594282,0.491154973291528
7087774,0.5946942452533761,0.2741550756118319,0.13115067913479198
7161513,0.3192926455742288,0.4061899015821066,0.2745174528436646
7179526,0.19573987793460088,0.31295293994970197,0.4913071821156972
7224031,0.22063808507844473,0.3490202185918889,0.43034169632966646
7207741,0.5755192317099228,0.28100275348677156,0.14347801480330571
7106492,0.366419040070239,0.3319750973699866,0.3016058625597744
7158913,0.5837048847248663,0.27821520795363414,0.13807990732149963
7173462,0.20359399337335887,0.32275392335133296,0.4736520832753081
7200621,0.5202306461466223,0.30551572617022915,0.1742536276831486
7187028,0.5202306461466223,0.30551572617022915,0.1742536276831486
7125363,0.20047661906084066,0.31902009178683316,0.48050328915232626
7130366,0.19705175516106288,0.3130117976517606,0.4899364471871765
7139958,0.18870493123539378,0.3090009992270566,0.5022940695375497
7208769,0.19706014180687895,0.31307600387171686,0.4898638543214042
7103416,0.1981527627666091,0.31287209614595235,0.4889751410874386
7090765,0.42825020311565776,0.35760405856900934,0.2141457383153328
7117601,0.3516085652738051,0.39108326427938,0.257308170446815
7137984,0.1659354012732228,0.2877308115358468,0.5463337871909304
7100838,0.5946942452533761,0.2741550756118319,0.13115067913479198
7144427,0.3655210451038565,0.32954286397609117,0.3049360909200523
7135068,0.03846156804736004,0.1923078402368002,0.7692305917158399
7202577,0.2791043705229464,0.41466734853457854,0.306228280942475
7156817,0.19976398157674694,0.3158505350925381,0.48438548333071496
7137239,0.2635000964865637,0.3650993204548009,0.3714005830586353
7206216,0.03846156804736004,0.1923078402368002,0.7692305917158399
7110900,0.3727476696341876,0.38160765811956543,0.24564467224624706
7214414,0.19688091437162758,0.3119401562162413,0.49117892941213115
7130424,0.6885787378080633,0.2171504533074699,0.09427080888446679
7152362,0.17527215299669735,0.2908067031089655,0.5339211438943372
7088531,0.1968338749871236,0.31263167602791686,0.4905344489849596
7168341,0.18303539967246413,0.3077455993760894,0.5092190009514463
7159381,0.16836428378892185,0.2908093003292229,0.5408264158818552
7164902,0.7140745192175111,0.20077685063305473,0.08514863014943416
7124373,0.18678097312965056,0.30826191138648895,0.5049571154838605
7230906,0.2377073735787326,0.37365401725210384,0.3886386091691635
7184708,0.19795633467354118,0.3138885770953721,0.4881550882310867
7193065,0.03846156804736004,0.1923078402368002,0.7692305917158399
7166642,0.5807687256060641,0.2790819061557961,0.14014936823813975
7224785,0.25261402104097974,0.39138064586350074,0.35600533309551946
7119275,0.554015816185374,0.28903707664359496,0.15694710717103108
7157285,0.18107131293715176,0.3083236377355245,0.5106050493273239
7217806,0.5202306461466223,0.30551572617022915,0.1742536276831486
7091219,0.2005677290107463,0.31889259926115393,0.4805396717280998
7135976,0.03846156804736004,0.1923078402368002,0.7692305917158399
7201922,0.14859820554419811,0.2659126620981464,0.5854891323576555
7170059,0.19620221549641712,0.31183792899209184,0.49195985551149113
7129328,0.5404598827800098,0.2955861740249149,0.1639539431950753
7160501,0.18870493123539378,0.3090009992270566,0.5022940695375497
7167754,0.1981527627666091,0.31287209614595235,0.4889751410874386
7215169,0.24103018116160113,0.37961680317014235,0.3793530156682566
7130741,0.13272952170287478,0.257904768738416,0.6093657095587093
7157915,0.7140745192175111,0.20077685063305473,0.08514863014943416
7153893,0.26864767741226214,0.4029496163517908,0.32840270623594703
7175290,0.14578763582366314,0.2598419901407936,0.5943703740355432
7222894,0.1966553186670372,0.3120088885915885,0.4913357927413742
7143730,0.18891729563803838,0.30865544780425835,0.5024272565577032
7127900,0.19705811569940807,0.31281665064763164,0.49012523365296035
7096090,0.03846156804736004,0.1923078402368002,0.7692305917158399
7143025,0.19993381004155436,0.3174648586141591,0.4826013313442866
7117553,0.18702195826598733,0.3096665543862805,0.5033114873477322
7185559,0.3516085652738051,0.39108326427938,0.257308170446815
7232795,0.5351868784611687,0.2977725039514725,0.16704061758735883
7095707,0.1962565525183524,0.26389475409860585,0.5398486933830419
7198777,0.5289123686294662,0.30093119782964267,0.17015643354089108
7123382,0.5946942452533761,0.2741550756118319,0.13115067913479198
7158186,0.22063808507844473,0.3490202185918889,0.43034169632966646
7126821,0.03846156804736004,0.1923078402368002,0.7692305917158399
7171981,0.19030420715205998,0.3113972906087224,0.4982985022392178
7147974,0.2862881375450872,0.4213225820203978,0.29238928043451506
7090493,0.42143950839474453,0.3604016451799745,0.21815884642528088
7092218,0.03846156804736004,0.1923078402368002,0.7692305917158399
7088124,0.1601790916692228,0.2855470522945987,0.5542738560361785
7187536,0.26864767741226214,0.4029496163517908,0.32840270623594703
7088568,0.18107131293715176,0.3083236377355245,0.5106050493273239
7166833,0.22498516218977435,0.24645066832571502,0.5285641694845107
7088798,0.22063808507844473,0.3490202185918889,0.43034169632966646
7204708,0.4350043260588917,0.35482323459777976,0.2101724393433285
7103044,0.2005677290107463,0.31889259926115393,0.4805396717280998
7194049,0.19208068759029348,0.31161159368144303,0.4963077187282635
7169942,0.03846156804736004,0.1923078402368002,0.7692305917158399
7170318,0.5457643540922522,0.29303232011636127,0.16120332579138658
7165386,0.5010405474754505,0.31621619096223225,0.18274326156231724
7206346,0.34147234356468414,0.39626272330973705,0.2622649331255787
7208337,0.3083611104753132,0.41215492489989414,0.2794839646247925
7140820,0.1795976087960107,0.307879928240545,0.5125224629634444
7194486,0.46396710495452875,0.26234898429538833,0.2736839107500829
7105614,0.22336458816769197,0.28992122343749377,0.48671418839481423
7178265,0.18656194598686418,0.30913349434091186,0.5043045596722241
7439407,0.2377073735787326,0.37365401725210384,0.3886386091691635
7135550,0.19622039402013436,0.3128228409513086,0.4909567650285572
7092435,0.18702195826598733,0.3096665543862805,0.5033114873477322
7189120,0.5837048847248663,0.27821520795363414,0.13807990732149963
7127815,0.37964777522990517,0.37893974690510196,0.2414124778649927
7099446,0.42825020311565776,0.35760405856900934,0.2141457383153328
7123391,0.19993381004155436,0.3174648586141591,0.4826013313442866
7227520,0.4142775047604001,0.36374258516421537,0.2219799100753846
7141615,0.17527215299669735,0.2908067031089655,0.5339211438943372
7185499,0.1313722496368919,0.20451089944747158,0.6641168509156367
7150727,0.46967997473996875,0.26801630087366723,0.2623037243863639
7115250,0.3114578556389753,0.3570364658590221,0.33150567850200247
7182954,0.5585935278692271,0.28777056332931317,0.1536359088014596
7212945,0.5351868784611687,0.2977725039514725,0.16704061758735883
7214737,0.4679592579451267,0.2575747249797664,0.2744660170751068
7162022,0.25261402104097974,0.39138064586350074,0.35600533309551946
7184817,0.03846156804736004,0.1923078402368002,0.7692305917158399
7126169,0.332105362102197,0.40050467102757137,0.26738996687023153
7218092,0.2893783887394396,0.4198436037519957,0.29077800750856464
7130017,0.1313722496368919,0.20451089944747158,0.6641168509156367
7158870,0.22307023223142938,0.29182050350139155,0.48510926426717904
7185260,0.20080252433224186,0.3188816341811034,0.4803158414866547
7133320,0.19463071109666372,0.31121283501446684,0.4941564538888694
7134086,0.03846156804736004,0.1923078402368002,0.7692305917158399
7115154,0.14239057319336315,0.2581004245198996,0.5995090022867372
7223279,0.14695775290566954,0.2641825638121962,0.5888596832821342
7135324,0.6336811892871613,0.25239184618316524,0.11392696452967345
7140186,0.1576479776890255,0.28234422251996627,0.5600077997910082
7208829,0.3874394714574288,0.3759375626876406,0.23662296585493045
7195591,0.03846156804736004,0.1923078402368002,0.7692305917158399
7132576,0.5527233658565888,0.28960558607753323,0.15767104806587814
7128756,0.2936310550086944,0.41837560575140553,0.2879933392399001
7124104,0.42825020311565776,0.35760405856900934,0.2141457383153328
7096061,0.03846156804736004,0.1923078402368002,0.7692305917158399
7152668,0.03846156804736004,0.1923078402368002,0.7692305917158399
7146106,0.4142775047604001,0.36374258516421537,0.2219799100753846
7162304,0.03846156804736004,0.1923078402368002,0.7692305917158399
7138891,0.03846156804736004,0.1923078402368002,0.7692305917158399
7145131,0.1950649283985274,0.3113531581803699,0.4935819134211025
7109739,0.20047661906084066,0.31902009178683316,0.48050328915232626
7121138,0.20359399337335887,0.32275392335133296,0.4736520832753081
7119893,0.4912009741009213,0.32120820529191374,0.1875908206071649
7180107,0.20359399337335887,0.32275392335133296,0.4736520832753081
7197581,0.19573961505006346,0.31225063960329663,0.4920097453466399
7146503,0.4554008918280843,0.3426592967906975,0.20193981138121814
7165066,0.5755192317099228,0.28100275348677156,0.14347801480330571
7126403,0.4350043260588917,0.35482323459777976,0.2101724393433285
7152179,0.33333333333333337,0.33333333333333337,0.33333333333333337
7113375,0.6588675366630937,0.23597180304223933,0.10516066029466703
7228553,0.20000966663130293,0.31538253942858957,0.4846077939401074
7200224,0.19208068759029348,0.31161159368144303,0.4963077187282635
7111118,0.19979038211351616,0.3161899170972387,0.48401970078924517
7159977,0.19646331636003497,0.3128992552948293,0.49063742834513574
7156707,0.42187896011682857,0.29708186614309307,0.2810391737400783
7101317,0.19651413288586939,0.3127074804026949,0.4907783867114357
7225762,0.25999057347819615,0.3959372102143506,0.3440722163074533
7208269,0.20000966663130293,0.31538253942858957,0.4846077939401074
7093542,0.1467997245315441,0.2623788401952823,0.5908214352731735
7165907,0.22063808507844473,0.3490202185918889,0.43034169632966646
7170729,0.3008142797163108,0.3629893391091594,0.3361963811745298
7132997,0.3989628292355853,0.3705760261756126,0.2304611445888021
7118099,0.2238195232935095,0.2881199028610181,0.4880605738454726
7091365,0.03846156804736004,0.1923078402368002,0.7692305917158399
7140656,0.1635729280510442,0.2852572898630801,0.5511697820858756
7158052,0.46688361047948745,0.2139645190615371,0.3191518704589755
7099910,0.03846156804736004,0.1923078402368002,0.7692305917158399
7150580,0.4580033165799389,0.27026916937053447,0.27172751404952655
7098239,0.6588675366630937,0.23597180304223933,0.10516066029466703
7197078,0.20000966663130293,0.31538253942858957,0.4846077939401074
7162719,0.18021814292095717,0.2959433218862801,0.5238385351927628
7211853,0.3516085652738051,0.39108326427938,0.257308170446815
7097605,0.19620221549641712,0.31183792899209184,0.49195985551149113
7101194,0.3008142797163108,0.3629893391091594,0.3361963811745298
7133240,0.03846156804736004,0.1923078402368002,0.7692305917158399
7108891,0.32506177427369753,0.4042235765350678,0.2707146491912346
7117383,0.17907599806139385,0.3064739407843427,0.5144500611542635
7093570,0.3989628292355853,0.3705760261756126,0.2304611445888021
7227943,0.20359399337335887,0.32275392335133296,0.4736520832753081
7188441,0.2377073735787326,0.37365401725210384,0.3886386091691635
7123083,0.6588675366630937,0.23597180304223933,0.10516066029466703
7200547,0.4750752082843663,0.26296162872661305,0.2619631629890207
7112964,0.5276456759814027,0.3015966447555301,0.17075767926306726
7196283,0.1792415886399619,0.3069277191583648,0.5138306922016733
7122998,0.03846156804736004,0.1923078402368002,0.7692305917158399
7143211,0.19795633467354118,0.3138885770953721,0.4881550882310867
7096958,0.3989628292355853,0.3705760261756126,0.2304611445888021
7212066,0.22063808507844473,0.3490202185918889,0.43034169632966646
7224977,0.19758598458066204,0.3132533054820446,0.48916070993729327
7164077,0.33333333333333337,0.33333333333333337,0.33333333333333337
7189663,0.2439831361865964,0.38334758617257025,0.3726692776408333
7191992,0.28910658915199544,0.420128840055165,0.2907645707928396
7096628,0.19709967297077619,0.3117147283717107,0.4911855986575131
7128513,0.19795633467354118,0.3138885770953721,0.4881550882310867
7145258,0.22693445779470853,0.25820570817279176,0.5148598340324997
7121447,0.18021814292095717,0.2959433218862801,0.5238385351927628
7175233,0.46396710495452875,0.26234898429538833,0.2736839107500829
7214718,0.08390343667128454,0.18200648358906585,0.7340900797396496
7097227,0.03846156804736004,0.1923078402368002,0.7692305917158399
7129717,0.6735945496090152,0.22642476998136704,0.09998068040961779
7213268,0.5276456759814027,0.3015966447555301,0.17075767926306726
7215152,0.19976398157674694,0.3158505350925381,0.48438548333071496
7116433,0.03846156804736004,0.1923078402368002,0.7692305917158399
7134839,0.17320723704463722,0.2916470283985407,0.535145734556822
7132340,0.1960213433139501,0.31269981684794096,0.49127883983810894
7178261,0.332105362102197,0.40050467102757137,0.26738996687023153
7110722,0.19710897922482742,0.312966051424973,0.4899249693501996
7117144,0.17960356391481125,0.30584624490431755,0.5145501911808712
7105336,0.2838771714039123,0.42005962810803993,0.29606320048804774
7099855,0.5202306461466223,0.30551572617022915,0.1742536276831486
7230152,0.5351868784611687,0.2977725039514725,0.16704061758735883
7231519,0.4142775047604001,0.36374258516421537,0.2219799100753846
7145921,0.6209314633221265,0.26306034468302764,0.11600819199484587
7110847,0.19993381004155436,0.3174648586141591,0.4826013313442866
7112314,0.03846156804736004,0.1923078402368002,0.7692305917158399
7104891,0.19710897922482742,0.312966051424973,0.4899249693501996
7172700,0.46396710495452875,0.26234898429538833,0.2736839107500829
7200298,0.19795633467354118,0.3138885770953721,0.4881550882310867
7171498,0.37964777522990517,0.37893974690510196,0.2414124778649927
7154611,0.3989628292355853,0.3705760261756126,0.2304611445888021
7527148,0.332105362102197,0.40050467102757137,0.26738996687023153
7157154,0.5755192317099228,0.28100275348677156,0.14347801480330571
7137663,0.13272952170287478,0.257904768738416,0.6093657095587093
7195515,0.03846156804736004,0.1923078402368002,0.7692305917158399
7217169,0.6297856124190936,0.255909560911592,0.11430482666931453
7209350,0.1576479776890255,0.28234422251996627,0.5600077997910082
7163306,0.26864767741226214,0.4029496163517908,0.32840270623594703
7197474,0.31809044048147517,0.35349433825276966,0.32841522126575534
7231004,0.1888731196162137,0.3085832724655608,0.5025436079182256
7159380,0.19821768246545976,0.31183401066732197,0.48994830686721824
7123572,0.18107131293715176,0.3083236377355245,0.5106050493273239
7191368,0.5457643540922522,0.29303232011636127,0.16120332579138658
7152555,0.18870493123539378,0.3090009992270566,0.5022940695375497
7216308,0.3083611104753132,0.41215492489989414,0.2794839646247925
7089607,0.33333333333333337,0.33333333333333337,0.33333333333333337
7146576,0.25261402104097974,0.39138064586350074,0.35600533309551946
7226283,0.21056133543835778,0.3321710009910446,0.45726766357059756
7154617,0.20000966663130293,0.31538253942858957,0.4846077939401074
7155290,0.17931493118457542,0.30634351812485,0.5143415506905746
7088441,0.18834691789158525,0.3101086128223394,0.5015444692860753
7193312,0.332105362102197,0.40050467102757137,0.26738996687023153
7221535,0.23246564547144535,0.3638105553919554,0.4037237991365993
7142402,0.03846156804736004,0.1923078402368002,0.7692305917158399
7135382,0.2634480602198309,0.3987683153610304,0.33778362441913873
7152982,0.1463388341702655,0.26115684060347094,0.5925043252262636
7158841,0.48067467234401773,0.327271007139854,0.19205432051612828
7106533,0.1576479776890255,0.28234422251996627,0.5600077997910082
7112395,0.22955086571576297,0.3589921348434166,0.41145699944082037
7154174,0.3989628292355853,0.3705760261756126,0.2304611445888021
7091023,0.3083611104753132,0.41215492489989414,0.2794839646247925
7135662,0.18924223836168017,0.24132169180101876,0.5694360698373011
7116134,0.3741573047614267,0.38103023196760594,0.2448124632709674
7234345,0.1800681265885572,0.303669022338459,0.5162628510729839
7193206,0.2377073735787326,0.37365401725210384,0.3886386091691635
7216912,0.1463388341702655,0.26115684060347094,0.5925043252262636
7095936,0.2006214392394086,0.3191451589237722,0.4802334018368193
7093169,0.24489721229222552,0.3858330854596997,0.3692697022480748
7144609,0.03846156804736004,0.1923078402368002,0.7692305917158399
7167712,0.7043381619833313,0.2075086734490685,0.08815316456760013
7231483,0.19881320310680328,0.312779823829292,0.4884069730639047
7206594,0.6588675366630937,0.23597180304223933,0.10516066029466703
7202822,0.03846156804736004,0.1923078402368002,0.7692305917158399
7225587,0.6063368892731181,0.2688676404656547,0.12479547026122728
7123487,0.2791043705229464,0.41466734853457854,0.306228280942475
7211664,0.3727476696341876,0.38160765811956543,0.24564467224624706
7222295,0.4554008918280843,0.3426592967906975,0.20193981138121814
7158858,0.03846156804736004,0.1923078402368002,0.7692305917158399
7167084,0.20202917116739977,0.2754705812877105,0.5225002475448898
7147023,0.03846156804736004,0.1923078402368002,0.7692305917158399
7151465,0.6588675366630937,0.23597180304223933,0.10516066029466703
7222897,0.19795633467354118,0.3138885770953721,0.4881550882310867
7141466,0.3264478125449637,0.40314720248786534,0.27040498496717097
7151245,0.03846156804736004,0.1923078402368002,0.7692305917158399
7092884,0.6885787378080633,0.2171504533074699,0.09427080888446679
7180533,0.03846156804736004,0.1923078402368002,0.7692305917158399
7098208,0.5530397962009795,0.28940928113330605,0.15755092266571447
7205075,0.33211137885732234,0.34591246438721696,0.3219761567554607
7219170,0.2005677290107463,0.31889259926115393,0.4805396717280998
7114428,0.5010405474754505,0.31621619096223225,0.18274326156231724
7167998,0.03846156804736004,0.1923078402368002,0.7692305917158399
7201569,0.2005677290107463,0.31889259926115393,0.4805396717280998
7195872,0.19618073064904376,0.3126642960594282,0.491154973291528
7116018,0.19993381004155436,0.3174648586141591,0.4826013313442866
7134452,0.6115359423705282,0.2671622956034526,0.12130176202601911
7126258,0.4616387713468472,0.2761106801873349,0.2622505484658179
7159955,0.16997097998048102,0.29157811181413307,0.5384509082053859
7202040,0.3083611104753132,0.41215492489989414,0.2794839646247925
7138245,0.03846156804736004,0.1923078402368002,0.7692305917158399
7131617,0.5286865824299289,0.3013466977888958,0.1699667197811754
7092359,0.5351868784611687,0.2977725039514725,0.16704061758735883
7171511,0.5457643540922522,0.29303232011636127,0.16120332579138658
7221698,0.2377073735787326,0.37365401725210384,0.3886386091691635
7156581,0.5680295137716451,0.2840004859714185,0.14797000025693624
7192499,0.17931493118457542,0.30634351812485,0.5143415506905746
7135284,0.03846156804736004,0.1923078402368002,0.7692305917158399
7171847,0.6209314633221265,0.26306034468302764,0.11600819199484587
7222777,0.1769783203159044,0.2920108417068129,0.5310108379772827
7171334,0.25261402104097974,0.39138064586350074,0.35600533309551946
7171255,0.1313722496368919,0.20451089944747158,0.6641168509156367
7177354,0.03846156804736004,0.1923078402368002,0.7692305917158399
7168405,0.14695775290566954,0.2641825638121962,0.5888596832821342
7092661,0.4554008918280843,0.3426592967906975,0.20193981138121814
7099405,0.37964777522990517,0.37893974690510196,0.2414124778649927
7137567,0.46396710495452875,0.26234898429538833,0.2736839107500829
7197379,0.2377073735787326,0.37365401725210384,0.3886386091691635
7211473,0.20889387436488954,0.32982907584891197,0.46127704978619843
7206690,0.1576479776890255,0.28234422251996627,0.5600077997910082
7168685,0.31809044048147517,0.35349433825276966,0.32841522126575534
7186108,0.18735952185376198,0.3092762709825334,0.5033642071637047
7233078,0.3083611104753132,0.41215492489989414,0.2794839646247925
7193452,0.08390343667128454,0.18200648358906585,0.7340900797396496
7092293,0.5010405474754505,0.31621619096223225,0.18274326156231724
7154744,0.14859820554419811,0.2659126620981464,0.5854891323576555
7177795,0.3727476696341876,0.38160765811956543,0.24564467224624706
7217396,0.13889414808420342,0.257667199563674,0.6034386523521225
7099774,0.45132259441713035,0.27668058844425975,0.2719968171386098
7151829,0.18735952185376198,0.3092762709825334,0.5033642071637047
7218278,0.2791043705229464,0.41466734853457854,0.306228280942475
